h2h:0.026744,0.0558171,0.0939286,0.176312,0.353042,0.698302,1.39065,2.78,5.56171,11.1064,22.2114,
h2d:0.188337,0.349934,0.685471,1.326,2.6075,5.17086,10.2975,20.5474,41.046,82.0472,164.052,
d2h:0.242292,0.364524,0.793424,1.51661,2.96082,5.84836,11.6256,23.1403,45.821,91.1728,182.433,
d2d:0.003593,0.00192737,0.00191738,0.00190987,0.00190225,0.001861,0.00192863,0.0018985,0.001871,0.00337125,0.00309962,
peer:0.00931238,0.0109392,0.0188804,0.0344145,0.0657357,6.8578,20.7428,41.2552,82.334,164.518,328.823,
